(kicad_pcb (version 20171130) (host pcbnew "(5.1.9)-1")

  (general
    (thickness 1.6)
    (drawings 23)
    (tracks 131)
    (zones 0)
    (modules 18)
    (nets 22)
  )

  (page A4)
  (layers
    (0 F.Cu signal)
    (31 B.Cu signal)
    (32 B.Adhes user)
    (33 F.Adhes user)
    (34 B.Paste user)
    (35 F.Paste user)
    (36 B.SilkS user)
    (37 F.SilkS user)
    (38 B.Mask user)
    (39 F.Mask user)
    (40 Dwgs.User user)
    (41 Cmts.User user)
    (42 Eco1.User user)
    (43 Eco2.User user)
    (44 Edge.Cuts user)
    (45 Margin user)
    (46 B.CrtYd user)
    (47 F.CrtYd user)
    (48 B.Fab user)
    (49 F.Fab user)
  )

  (setup
    (last_trace_width 0.25)
    (user_trace_width 0.381)
    (user_trace_width 0.508)
    (trace_clearance 0.2)
    (zone_clearance 0.508)
    (zone_45_only no)
    (trace_min 0.2)
    (via_size 0.8)
    (via_drill 0.4)
    (via_min_size 0.4)
    (via_min_drill 0.3)
    (uvia_size 0.3)
    (uvia_drill 0.1)
    (uvias_allowed no)
    (uvia_min_size 0.2)
    (uvia_min_drill 0.1)
    (edge_width 0.05)
    (segment_width 0.2)
    (pcb_text_width 0.3)
    (pcb_text_size 1.5 1.5)
    (mod_edge_width 0.12)
    (mod_text_size 1 1)
    (mod_text_width 0.15)
    (pad_size 1.524 1.524)
    (pad_drill 0.762)
    (pad_to_mask_clearance 0)
    (aux_axis_origin 0 0)
    (visible_elements FFFFFF7F)
    (pcbplotparams
      (layerselection 0x010fc_ffffffff)
      (usegerberextensions false)
      (usegerberattributes true)
      (usegerberadvancedattributes true)
      (creategerberjobfile true)
      (excludeedgelayer true)
      (linewidth 0.100000)
      (plotframeref false)
      (viasonmask false)
      (mode 1)
      (useauxorigin false)
      (hpglpennumber 1)
      (hpglpenspeed 20)
      (hpglpendiameter 15.000000)
      (psnegative false)
      (psa4output false)
      (plotreference true)
      (plotvalue true)
      (plotinvisibletext false)
      (padsonsilk false)
      (subtractmaskfromsilk false)
      (outputformat 1)
      (mirror false)
      (drillshape 1)
      (scaleselection 1)
      (outputdirectory ""))
  )

  (net 0 "")
  (net 1 +3V3)
  (net 2 +5V)
  (net 3 GND)
  (net 4 /TXD)
  (net 5 /RXD)
  (net 6 "Net-(J2-Pad3)")
  (net 7 "Net-(J2-Pad4)")
  (net 8 /ACK_BUTTON)
  (net 9 /PWR_BUTTON)
  (net 10 "Net-(J5-Pad1)")
  (net 11 "Net-(J5-Pad3)")
  (net 12 "Net-(J5-Pad4)")
  (net 13 "Net-(Q1-Pad1)")
  (net 14 "Net-(Q1-Pad3)")
  (net 15 "Net-(Q2-Pad1)")
  (net 16 "Net-(Q2-Pad3)")
  (net 17 "Net-(Q3-Pad3)")
  (net 18 "Net-(Q3-Pad1)")
  (net 19 /LED_B)
  (net 20 /LED_G)
  (net 21 /LED_R)

  (net_class Default "This is the default net class."
    (clearance 0.2)
    (trace_width 0.25)
    (via_dia 0.8)
    (via_drill 0.4)
    (uvia_dia 0.3)
    (uvia_drill 0.1)
    (add_net +3V3)
    (add_net +5V)
    (add_net /ACK_BUTTON)
    (add_net /LED_B)
    (add_net /LED_G)
    (add_net /LED_R)
    (add_net /PWR_BUTTON)
    (add_net /RXD)
    (add_net /TXD)
    (add_net GND)
    (add_net "Net-(J2-Pad3)")
    (add_net "Net-(J2-Pad4)")
    (add_net "Net-(J5-Pad1)")
    (add_net "Net-(J5-Pad3)")
    (add_net "Net-(J5-Pad4)")
    (add_net "Net-(Q1-Pad1)")
    (add_net "Net-(Q1-Pad3)")
    (add_net "Net-(Q2-Pad1)")
    (add_net "Net-(Q2-Pad3)")
    (add_net "Net-(Q3-Pad1)")
    (add_net "Net-(Q3-Pad3)")
  )

  (module Connector_PinHeader_2.54mm:PinHeader_2x13_P2.54mm_Vertical (layer F.Cu) (tedit 59FED5CC) (tstamp 60904199)
    (at 50.339001 63.801001)
    (descr "Through hole straight pin header, 2x13, 2.54mm pitch, double rows")
    (tags "Through hole pin header THT 2x13 2.54mm double row")
    (path /609033B9)
    (fp_text reference J1 (at -1.825001 -0.047001 270) (layer F.SilkS)
      (effects (font (size 1 1) (thickness 0.15)))
    )
    (fp_text value Conn_02x13_Odd_Even (at 1.27 32.81) (layer F.Fab)
      (effects (font (size 1 1) (thickness 0.15)))
    )
    (fp_line (start 4.35 -1.8) (end -1.8 -1.8) (layer F.CrtYd) (width 0.05))
    (fp_line (start 4.35 32.25) (end 4.35 -1.8) (layer F.CrtYd) (width 0.05))
    (fp_line (start -1.8 32.25) (end 4.35 32.25) (layer F.CrtYd) (width 0.05))
    (fp_line (start -1.8 -1.8) (end -1.8 32.25) (layer F.CrtYd) (width 0.05))
    (fp_line (start -1.33 -1.33) (end 0 -1.33) (layer F.SilkS) (width 0.12))
    (fp_line (start -1.33 0) (end -1.33 -1.33) (layer F.SilkS) (width 0.12))
    (fp_line (start 1.27 -1.33) (end 3.87 -1.33) (layer F.SilkS) (width 0.12))
    (fp_line (start 1.27 1.27) (end 1.27 -1.33) (layer F.SilkS) (width 0.12))
    (fp_line (start -1.33 1.27) (end 1.27 1.27) (layer F.SilkS) (width 0.12))
    (fp_line (start 3.87 -1.33) (end 3.87 31.81) (layer F.SilkS) (width 0.12))
    (fp_line (start -1.33 1.27) (end -1.33 31.81) (layer F.SilkS) (width 0.12))
    (fp_line (start -1.33 31.81) (end 3.87 31.81) (layer F.SilkS) (width 0.12))
    (fp_line (start -1.27 0) (end 0 -1.27) (layer F.Fab) (width 0.1))
    (fp_line (start -1.27 31.75) (end -1.27 0) (layer F.Fab) (width 0.1))
    (fp_line (start 3.81 31.75) (end -1.27 31.75) (layer F.Fab) (width 0.1))
    (fp_line (start 3.81 -1.27) (end 3.81 31.75) (layer F.Fab) (width 0.1))
    (fp_line (start 0 -1.27) (end 3.81 -1.27) (layer F.Fab) (width 0.1))
    (fp_text user %R (at 1.27 15.24 90) (layer F.Fab)
      (effects (font (size 1 1) (thickness 0.15)))
    )
    (pad 1 thru_hole rect (at 0 0) (size 1.7 1.7) (drill 1) (layers *.Cu *.Mask)
      (net 1 +3V3))
    (pad 2 thru_hole oval (at 2.54 0) (size 1.7 1.7) (drill 1) (layers *.Cu *.Mask)
      (net 2 +5V))
    (pad 3 thru_hole oval (at 0 2.54) (size 1.7 1.7) (drill 1) (layers *.Cu *.Mask))
    (pad 4 thru_hole oval (at 2.54 2.54) (size 1.7 1.7) (drill 1) (layers *.Cu *.Mask)
      (net 2 +5V))
    (pad 5 thru_hole oval (at 0 5.08) (size 1.7 1.7) (drill 1) (layers *.Cu *.Mask))
    (pad 6 thru_hole oval (at 2.54 5.08) (size 1.7 1.7) (drill 1) (layers *.Cu *.Mask)
      (net 3 GND))
    (pad 7 thru_hole oval (at 0 7.62) (size 1.7 1.7) (drill 1) (layers *.Cu *.Mask)
      (net 8 /ACK_BUTTON))
    (pad 8 thru_hole oval (at 2.54 7.62) (size 1.7 1.7) (drill 1) (layers *.Cu *.Mask)
      (net 4 /TXD))
    (pad 9 thru_hole oval (at 0 10.16) (size 1.7 1.7) (drill 1) (layers *.Cu *.Mask)
      (net 3 GND))
    (pad 10 thru_hole oval (at 2.54 10.16) (size 1.7 1.7) (drill 1) (layers *.Cu *.Mask)
      (net 5 /RXD))
    (pad 11 thru_hole oval (at 0 12.7) (size 1.7 1.7) (drill 1) (layers *.Cu *.Mask))
    (pad 12 thru_hole oval (at 2.54 12.7) (size 1.7 1.7) (drill 1) (layers *.Cu *.Mask)
      (net 9 /PWR_BUTTON))
    (pad 13 thru_hole oval (at 0 15.24) (size 1.7 1.7) (drill 1) (layers *.Cu *.Mask)
      (net 21 /LED_R))
    (pad 14 thru_hole oval (at 2.54 15.24) (size 1.7 1.7) (drill 1) (layers *.Cu *.Mask)
      (net 3 GND))
    (pad 15 thru_hole oval (at 0 17.78) (size 1.7 1.7) (drill 1) (layers *.Cu *.Mask)
      (net 20 /LED_G))
    (pad 16 thru_hole oval (at 2.54 17.78) (size 1.7 1.7) (drill 1) (layers *.Cu *.Mask)
      (net 19 /LED_B))
    (pad 17 thru_hole oval (at 0 20.32) (size 1.7 1.7) (drill 1) (layers *.Cu *.Mask)
      (net 1 +3V3))
    (pad 18 thru_hole oval (at 2.54 20.32) (size 1.7 1.7) (drill 1) (layers *.Cu *.Mask))
    (pad 19 thru_hole oval (at 0 22.86) (size 1.7 1.7) (drill 1) (layers *.Cu *.Mask))
    (pad 20 thru_hole oval (at 2.54 22.86) (size 1.7 1.7) (drill 1) (layers *.Cu *.Mask)
      (net 3 GND))
    (pad 21 thru_hole oval (at 0 25.4) (size 1.7 1.7) (drill 1) (layers *.Cu *.Mask))
    (pad 22 thru_hole oval (at 2.54 25.4) (size 1.7 1.7) (drill 1) (layers *.Cu *.Mask))
    (pad 23 thru_hole oval (at 0 27.94) (size 1.7 1.7) (drill 1) (layers *.Cu *.Mask))
    (pad 24 thru_hole oval (at 2.54 27.94) (size 1.7 1.7) (drill 1) (layers *.Cu *.Mask))
    (pad 25 thru_hole oval (at 0 30.48) (size 1.7 1.7) (drill 1) (layers *.Cu *.Mask)
      (net 3 GND))
    (pad 26 thru_hole oval (at 2.54 30.48) (size 1.7 1.7) (drill 1) (layers *.Cu *.Mask))
    (model ${KISYS3DMOD}/Connector_PinHeader_2.54mm.3dshapes/PinHeader_2x13_P2.54mm_Vertical.wrl
      (at (xyz 0 0 0))
      (scale (xyz 1 1 1))
      (rotate (xyz 0 0 0))
    )
  )

  (module Connector_JST:JST_XH_S5B-XH-A-1_1x05_P2.50mm_Horizontal (layer F.Cu) (tedit 5C281476) (tstamp 60904E08)
    (at 35.306 70.104 180)
    (descr "JST XH series connector, S5B-XH-A-1 (http://www.jst-mfg.com/product/pdf/eng/eXH.pdf), generated with kicad-footprint-generator")
    (tags "connector JST XH horizontal")
    (path /6090B4DF)
    (fp_text reference J2 (at 0 -3.302) (layer F.SilkS)
      (effects (font (size 1 1) (thickness 0.15)))
    )
    (fp_text value Conn_01x05 (at 5 8.8) (layer F.Fab)
      (effects (font (size 1 1) (thickness 0.15)))
    )
    (fp_line (start 0 -0.4) (end 0.625 0.6) (layer F.Fab) (width 0.1))
    (fp_line (start -0.625 0.6) (end 0 -0.4) (layer F.Fab) (width 0.1))
    (fp_line (start 0.3 -2.1) (end 0 -1.5) (layer F.SilkS) (width 0.12))
    (fp_line (start -0.3 -2.1) (end 0.3 -2.1) (layer F.SilkS) (width 0.12))
    (fp_line (start 0 -1.5) (end -0.3 -2.1) (layer F.SilkS) (width 0.12))
    (fp_line (start 10.25 1.6) (end 9.75 1.6) (layer F.SilkS) (width 0.12))
    (fp_line (start 10.25 7.1) (end 10.25 1.6) (layer F.SilkS) (width 0.12))
    (fp_line (start 9.75 7.1) (end 10.25 7.1) (layer F.SilkS) (width 0.12))
    (fp_line (start 9.75 1.6) (end 9.75 7.1) (layer F.SilkS) (width 0.12))
    (fp_line (start 7.75 1.6) (end 7.25 1.6) (layer F.SilkS) (width 0.12))
    (fp_line (start 7.75 7.1) (end 7.75 1.6) (layer F.SilkS) (width 0.12))
    (fp_line (start 7.25 7.1) (end 7.75 7.1) (layer F.SilkS) (width 0.12))
    (fp_line (start 7.25 1.6) (end 7.25 7.1) (layer F.SilkS) (width 0.12))
    (fp_line (start 5.25 1.6) (end 4.75 1.6) (layer F.SilkS) (width 0.12))
    (fp_line (start 5.25 7.1) (end 5.25 1.6) (layer F.SilkS) (width 0.12))
    (fp_line (start 4.75 7.1) (end 5.25 7.1) (layer F.SilkS) (width 0.12))
    (fp_line (start 4.75 1.6) (end 4.75 7.1) (layer F.SilkS) (width 0.12))
    (fp_line (start 2.75 1.6) (end 2.25 1.6) (layer F.SilkS) (width 0.12))
    (fp_line (start 2.75 7.1) (end 2.75 1.6) (layer F.SilkS) (width 0.12))
    (fp_line (start 2.25 7.1) (end 2.75 7.1) (layer F.SilkS) (width 0.12))
    (fp_line (start 2.25 1.6) (end 2.25 7.1) (layer F.SilkS) (width 0.12))
    (fp_line (start 0.25 1.6) (end -0.25 1.6) (layer F.SilkS) (width 0.12))
    (fp_line (start 0.25 7.1) (end 0.25 1.6) (layer F.SilkS) (width 0.12))
    (fp_line (start -0.25 7.1) (end 0.25 7.1) (layer F.SilkS) (width 0.12))
    (fp_line (start -0.25 1.6) (end -0.25 7.1) (layer F.SilkS) (width 0.12))
    (fp_line (start 11.25 0.6) (end 5 0.6) (layer F.Fab) (width 0.1))
    (fp_line (start 11.25 -3.9) (end 11.25 0.6) (layer F.Fab) (width 0.1))
    (fp_line (start 12.45 -3.9) (end 11.25 -3.9) (layer F.Fab) (width 0.1))
    (fp_line (start 12.45 7.6) (end 12.45 -3.9) (layer F.Fab) (width 0.1))
    (fp_line (start 5 7.6) (end 12.45 7.6) (layer F.Fab) (width 0.1))
    (fp_line (start -1.25 0.6) (end 5 0.6) (layer F.Fab) (width 0.1))
    (fp_line (start -1.25 -3.9) (end -1.25 0.6) (layer F.Fab) (width 0.1))
    (fp_line (start -2.45 -3.9) (end -1.25 -3.9) (layer F.Fab) (width 0.1))
    (fp_line (start -2.45 7.6) (end -2.45 -3.9) (layer F.Fab) (width 0.1))
    (fp_line (start 5 7.6) (end -2.45 7.6) (layer F.Fab) (width 0.1))
    (fp_line (start 11.14 -4.01) (end 11.14 0.49) (layer F.SilkS) (width 0.12))
    (fp_line (start 12.56 -4.01) (end 11.14 -4.01) (layer F.SilkS) (width 0.12))
    (fp_line (start 12.56 7.71) (end 12.56 -4.01) (layer F.SilkS) (width 0.12))
    (fp_line (start 5 7.71) (end 12.56 7.71) (layer F.SilkS) (width 0.12))
    (fp_line (start -1.14 -4.01) (end -1.14 0.49) (layer F.SilkS) (width 0.12))
    (fp_line (start -2.56 -4.01) (end -1.14 -4.01) (layer F.SilkS) (width 0.12))
    (fp_line (start -2.56 7.71) (end -2.56 -4.01) (layer F.SilkS) (width 0.12))
    (fp_line (start 5 7.71) (end -2.56 7.71) (layer F.SilkS) (width 0.12))
    (fp_line (start 12.95 -4.4) (end -2.95 -4.4) (layer F.CrtYd) (width 0.05))
    (fp_line (start 12.95 8.1) (end 12.95 -4.4) (layer F.CrtYd) (width 0.05))
    (fp_line (start -2.95 8.1) (end 12.95 8.1) (layer F.CrtYd) (width 0.05))
    (fp_line (start -2.95 -4.4) (end -2.95 8.1) (layer F.CrtYd) (width 0.05))
    (fp_text user %R (at 5 1.85) (layer F.Fab)
      (effects (font (size 1 1) (thickness 0.15)))
    )
    (pad 1 thru_hole roundrect (at 0 0 180) (size 1.7 1.95) (drill 0.95) (layers *.Cu *.Mask) (roundrect_rratio 0.147059)
      (net 2 +5V))
    (pad 2 thru_hole oval (at 2.5 0 180) (size 1.7 1.95) (drill 0.95) (layers *.Cu *.Mask)
      (net 3 GND))
    (pad 3 thru_hole oval (at 5 0 180) (size 1.7 1.95) (drill 0.95) (layers *.Cu *.Mask)
      (net 6 "Net-(J2-Pad3)"))
    (pad 4 thru_hole oval (at 7.5 0 180) (size 1.7 1.95) (drill 0.95) (layers *.Cu *.Mask)
      (net 7 "Net-(J2-Pad4)"))
    (pad 5 thru_hole oval (at 10 0 180) (size 1.7 1.95) (drill 0.95) (layers *.Cu *.Mask)
      (net 3 GND))
    (model ${KISYS3DMOD}/Connector_JST.3dshapes/JST_XH_S5B-XH-A-1_1x05_P2.50mm_Horizontal.wrl
      (at (xyz 0 0 0))
      (scale (xyz 1 1 1))
      (rotate (xyz 0 0 0))
    )
  )

  (module Resistor_SMD:R_0603_1608Metric_Pad0.98x0.95mm_HandSolder (layer F.Cu) (tedit 5F68FEEE) (tstamp 60904DB0)
    (at 30.226 76.454 270)
    (descr "Resistor SMD 0603 (1608 Metric), square (rectangular) end terminal, IPC_7351 nominal with elongated pad for handsoldering. (Body size source: IPC-SM-782 page 72, https://www.pcb-3d.com/wordpress/wp-content/uploads/ipc-sm-782a_amendment_1_and_2.pdf), generated with kicad-footprint-generator")
    (tags "resistor handsolder")
    (path /6090C6E1)
    (attr smd)
    (fp_text reference R1 (at 0 -1.43 90) (layer F.SilkS)
      (effects (font (size 1 1) (thickness 0.15)))
    )
    (fp_text value 1K (at 0 1.43 90) (layer F.Fab)
      (effects (font (size 1 1) (thickness 0.15)))
    )
    (fp_line (start 1.65 0.73) (end -1.65 0.73) (layer F.CrtYd) (width 0.05))
    (fp_line (start 1.65 -0.73) (end 1.65 0.73) (layer F.CrtYd) (width 0.05))
    (fp_line (start -1.65 -0.73) (end 1.65 -0.73) (layer F.CrtYd) (width 0.05))
    (fp_line (start -1.65 0.73) (end -1.65 -0.73) (layer F.CrtYd) (width 0.05))
    (fp_line (start -0.254724 0.5225) (end 0.254724 0.5225) (layer F.SilkS) (width 0.12))
    (fp_line (start -0.254724 -0.5225) (end 0.254724 -0.5225) (layer F.SilkS) (width 0.12))
    (fp_line (start 0.8 0.4125) (end -0.8 0.4125) (layer F.Fab) (width 0.1))
    (fp_line (start 0.8 -0.4125) (end 0.8 0.4125) (layer F.Fab) (width 0.1))
    (fp_line (start -0.8 -0.4125) (end 0.8 -0.4125) (layer F.Fab) (width 0.1))
    (fp_line (start -0.8 0.4125) (end -0.8 -0.4125) (layer F.Fab) (width 0.1))
    (fp_text user %R (at 0 0 90) (layer F.Fab)
      (effects (font (size 0.4 0.4) (thickness 0.06)))
    )
    (pad 1 smd roundrect (at -0.9125 0 270) (size 0.975 0.95) (layers F.Cu F.Paste F.Mask) (roundrect_rratio 0.25)
      (net 6 "Net-(J2-Pad3)"))
    (pad 2 smd roundrect (at 0.9125 0 270) (size 0.975 0.95) (layers F.Cu F.Paste F.Mask) (roundrect_rratio 0.25)
      (net 5 /RXD))
    (model ${KISYS3DMOD}/Resistor_SMD.3dshapes/R_0603_1608Metric.wrl
      (at (xyz 0 0 0))
      (scale (xyz 1 1 1))
      (rotate (xyz 0 0 0))
    )
  )

  (module Resistor_SMD:R_0603_1608Metric_Pad0.98x0.95mm_HandSolder (layer F.Cu) (tedit 5F68FEEE) (tstamp 60904D80)
    (at 27.686 76.454 270)
    (descr "Resistor SMD 0603 (1608 Metric), square (rectangular) end terminal, IPC_7351 nominal with elongated pad for handsoldering. (Body size source: IPC-SM-782 page 72, https://www.pcb-3d.com/wordpress/wp-content/uploads/ipc-sm-782a_amendment_1_and_2.pdf), generated with kicad-footprint-generator")
    (tags "resistor handsolder")
    (path /6090CBFB)
    (attr smd)
    (fp_text reference R2 (at 0 1.27 90) (layer F.SilkS)
      (effects (font (size 1 1) (thickness 0.15)))
    )
    (fp_text value 1K (at 0 1.43 90) (layer F.Fab)
      (effects (font (size 1 1) (thickness 0.15)))
    )
    (fp_text user %R (at 0 0 90) (layer F.Fab)
      (effects (font (size 0.4 0.4) (thickness 0.06)))
    )
    (fp_line (start -0.8 0.4125) (end -0.8 -0.4125) (layer F.Fab) (width 0.1))
    (fp_line (start -0.8 -0.4125) (end 0.8 -0.4125) (layer F.Fab) (width 0.1))
    (fp_line (start 0.8 -0.4125) (end 0.8 0.4125) (layer F.Fab) (width 0.1))
    (fp_line (start 0.8 0.4125) (end -0.8 0.4125) (layer F.Fab) (width 0.1))
    (fp_line (start -0.254724 -0.5225) (end 0.254724 -0.5225) (layer F.SilkS) (width 0.12))
    (fp_line (start -0.254724 0.5225) (end 0.254724 0.5225) (layer F.SilkS) (width 0.12))
    (fp_line (start -1.65 0.73) (end -1.65 -0.73) (layer F.CrtYd) (width 0.05))
    (fp_line (start -1.65 -0.73) (end 1.65 -0.73) (layer F.CrtYd) (width 0.05))
    (fp_line (start 1.65 -0.73) (end 1.65 0.73) (layer F.CrtYd) (width 0.05))
    (fp_line (start 1.65 0.73) (end -1.65 0.73) (layer F.CrtYd) (width 0.05))
    (pad 2 smd roundrect (at 0.9125 0 270) (size 0.975 0.95) (layers F.Cu F.Paste F.Mask) (roundrect_rratio 0.25)
      (net 4 /TXD))
    (pad 1 smd roundrect (at -0.9125 0 270) (size 0.975 0.95) (layers F.Cu F.Paste F.Mask) (roundrect_rratio 0.25)
      (net 7 "Net-(J2-Pad4)"))
    (model ${KISYS3DMOD}/Resistor_SMD.3dshapes/R_0603_1608Metric.wrl
      (at (xyz 0 0 0))
      (scale (xyz 1 1 1))
      (rotate (xyz 0 0 0))
    )
  )

  (module Resistor_SMD:R_0603_1608Metric_Pad0.98x0.95mm_HandSolder (layer F.Cu) (tedit 5F68FEEE) (tstamp 60904639)
    (at 26.162 83.82 90)
    (descr "Resistor SMD 0603 (1608 Metric), square (rectangular) end terminal, IPC_7351 nominal with elongated pad for handsoldering. (Body size source: IPC-SM-782 page 72, https://www.pcb-3d.com/wordpress/wp-content/uploads/ipc-sm-782a_amendment_1_and_2.pdf), generated with kicad-footprint-generator")
    (tags "resistor handsolder")
    (path /6090FD74)
    (attr smd)
    (fp_text reference R3 (at 0 -1.43 90) (layer F.SilkS)
      (effects (font (size 1 1) (thickness 0.15)))
    )
    (fp_text value 10K (at 0 1.43 90) (layer F.Fab)
      (effects (font (size 1 1) (thickness 0.15)))
    )
    (fp_line (start 1.65 0.73) (end -1.65 0.73) (layer F.CrtYd) (width 0.05))
    (fp_line (start 1.65 -0.73) (end 1.65 0.73) (layer F.CrtYd) (width 0.05))
    (fp_line (start -1.65 -0.73) (end 1.65 -0.73) (layer F.CrtYd) (width 0.05))
    (fp_line (start -1.65 0.73) (end -1.65 -0.73) (layer F.CrtYd) (width 0.05))
    (fp_line (start -0.254724 0.5225) (end 0.254724 0.5225) (layer F.SilkS) (width 0.12))
    (fp_line (start -0.254724 -0.5225) (end 0.254724 -0.5225) (layer F.SilkS) (width 0.12))
    (fp_line (start 0.8 0.4125) (end -0.8 0.4125) (layer F.Fab) (width 0.1))
    (fp_line (start 0.8 -0.4125) (end 0.8 0.4125) (layer F.Fab) (width 0.1))
    (fp_line (start -0.8 -0.4125) (end 0.8 -0.4125) (layer F.Fab) (width 0.1))
    (fp_line (start -0.8 0.4125) (end -0.8 -0.4125) (layer F.Fab) (width 0.1))
    (fp_text user %R (at 0 0 90) (layer F.Fab)
      (effects (font (size 0.4 0.4) (thickness 0.06)))
    )
    (pad 1 smd roundrect (at -0.9125 0 90) (size 0.975 0.95) (layers F.Cu F.Paste F.Mask) (roundrect_rratio 0.25)
      (net 8 /ACK_BUTTON))
    (pad 2 smd roundrect (at 0.9125 0 90) (size 0.975 0.95) (layers F.Cu F.Paste F.Mask) (roundrect_rratio 0.25)
      (net 1 +3V3))
    (model ${KISYS3DMOD}/Resistor_SMD.3dshapes/R_0603_1608Metric.wrl
      (at (xyz 0 0 0))
      (scale (xyz 1 1 1))
      (rotate (xyz 0 0 0))
    )
  )

  (module Connector_JST:JST_PH_S2B-PH-SM4-TB_1x02-1MP_P2.00mm_Horizontal (layer F.Cu) (tedit 5B78AD87) (tstamp 60904989)
    (at 43.434 67.056 180)
    (descr "JST PH series connector, S2B-PH-SM4-TB (http://www.jst-mfg.com/product/pdf/eng/ePH.pdf), generated with kicad-footprint-generator")
    (tags "connector JST PH top entry")
    (path /6090EF2D)
    (attr smd)
    (fp_text reference J3 (at -3.302 -4.064 180) (layer F.SilkS)
      (effects (font (size 1 1) (thickness 0.15)))
    )
    (fp_text value Conn_01x02 (at 0 5.8) (layer F.Fab)
      (effects (font (size 1 1) (thickness 0.15)))
    )
    (fp_line (start -1 -0.892893) (end -0.5 -1.6) (layer F.Fab) (width 0.1))
    (fp_line (start -1.5 -1.6) (end -1 -0.892893) (layer F.Fab) (width 0.1))
    (fp_line (start 4.6 -5.1) (end -4.6 -5.1) (layer F.CrtYd) (width 0.05))
    (fp_line (start 4.6 5.1) (end 4.6 -5.1) (layer F.CrtYd) (width 0.05))
    (fp_line (start -4.6 5.1) (end 4.6 5.1) (layer F.CrtYd) (width 0.05))
    (fp_line (start -4.6 -5.1) (end -4.6 5.1) (layer F.CrtYd) (width 0.05))
    (fp_line (start 3.95 -3.2) (end 3.95 4.4) (layer F.Fab) (width 0.1))
    (fp_line (start -3.95 -3.2) (end -3.95 4.4) (layer F.Fab) (width 0.1))
    (fp_line (start -3.95 4.4) (end 3.95 4.4) (layer F.Fab) (width 0.1))
    (fp_line (start -2.34 4.51) (end 2.34 4.51) (layer F.SilkS) (width 0.12))
    (fp_line (start 3.04 -1.71) (end 1.76 -1.71) (layer F.SilkS) (width 0.12))
    (fp_line (start 3.04 -3.31) (end 3.04 -1.71) (layer F.SilkS) (width 0.12))
    (fp_line (start 4.06 -3.31) (end 3.04 -3.31) (layer F.SilkS) (width 0.12))
    (fp_line (start 4.06 0.94) (end 4.06 -3.31) (layer F.SilkS) (width 0.12))
    (fp_line (start -1.76 -1.71) (end -1.76 -4.6) (layer F.SilkS) (width 0.12))
    (fp_line (start -3.04 -1.71) (end -1.76 -1.71) (layer F.SilkS) (width 0.12))
    (fp_line (start -3.04 -3.31) (end -3.04 -1.71) (layer F.SilkS) (width 0.12))
    (fp_line (start -4.06 -3.31) (end -3.04 -3.31) (layer F.SilkS) (width 0.12))
    (fp_line (start -4.06 0.94) (end -4.06 -3.31) (layer F.SilkS) (width 0.12))
    (fp_line (start 3.15 -3.2) (end 3.95 -3.2) (layer F.Fab) (width 0.1))
    (fp_line (start 3.15 -1.6) (end 3.15 -3.2) (layer F.Fab) (width 0.1))
    (fp_line (start -3.15 -1.6) (end 3.15 -1.6) (layer F.Fab) (width 0.1))
    (fp_line (start -3.15 -3.2) (end -3.15 -1.6) (layer F.Fab) (width 0.1))
    (fp_line (start -3.95 -3.2) (end -3.15 -3.2) (layer F.Fab) (width 0.1))
    (fp_text user %R (at 0 1.5) (layer F.Fab)
      (effects (font (size 1 1) (thickness 0.15)))
    )
    (pad 1 smd roundrect (at -1 -2.85 180) (size 1 3.5) (layers F.Cu F.Paste F.Mask) (roundrect_rratio 0.25)
      (net 2 +5V))
    (pad 2 smd roundrect (at 1 -2.85 180) (size 1 3.5) (layers F.Cu F.Paste F.Mask) (roundrect_rratio 0.25)
      (net 3 GND))
    (pad MP smd roundrect (at -3.35 2.9 180) (size 1.5 3.4) (layers F.Cu F.Paste F.Mask) (roundrect_rratio 0.166667))
    (pad MP smd roundrect (at 3.35 2.9 180) (size 1.5 3.4) (layers F.Cu F.Paste F.Mask) (roundrect_rratio 0.166667))
    (model ${KISYS3DMOD}/Connector_JST.3dshapes/JST_PH_S2B-PH-SM4-TB_1x02-1MP_P2.00mm_Horizontal.wrl
      (at (xyz 0 0 0))
      (scale (xyz 1 1 1))
      (rotate (xyz 0 0 0))
    )
  )

  (module Connector_JST:JST_PH_S3B-PH-SM4-TB_1x03-1MP_P2.00mm_Horizontal (layer F.Cu) (tedit 5B78AD87) (tstamp 609049CA)
    (at 28.194 90.932)
    (descr "JST PH series connector, S3B-PH-SM4-TB (http://www.jst-mfg.com/product/pdf/eng/ePH.pdf), generated with kicad-footprint-generator")
    (tags "connector JST PH top entry")
    (path /60916C02)
    (attr smd)
    (fp_text reference J4 (at -4.318 -4.064) (layer F.SilkS)
      (effects (font (size 1 1) (thickness 0.15)))
    )
    (fp_text value Conn_01x03 (at 0 5.8) (layer F.Fab)
      (effects (font (size 1 1) (thickness 0.15)))
    )
    (fp_line (start -2 -0.892893) (end -1.5 -1.6) (layer F.Fab) (width 0.1))
    (fp_line (start -2.5 -1.6) (end -2 -0.892893) (layer F.Fab) (width 0.1))
    (fp_line (start 5.6 -5.1) (end -5.6 -5.1) (layer F.CrtYd) (width 0.05))
    (fp_line (start 5.6 5.1) (end 5.6 -5.1) (layer F.CrtYd) (width 0.05))
    (fp_line (start -5.6 5.1) (end 5.6 5.1) (layer F.CrtYd) (width 0.05))
    (fp_line (start -5.6 -5.1) (end -5.6 5.1) (layer F.CrtYd) (width 0.05))
    (fp_line (start 4.95 -3.2) (end 4.95 4.4) (layer F.Fab) (width 0.1))
    (fp_line (start -4.95 -3.2) (end -4.95 4.4) (layer F.Fab) (width 0.1))
    (fp_line (start -4.95 4.4) (end 4.95 4.4) (layer F.Fab) (width 0.1))
    (fp_line (start -3.34 4.51) (end 3.34 4.51) (layer F.SilkS) (width 0.12))
    (fp_line (start 4.04 -1.71) (end 2.76 -1.71) (layer F.SilkS) (width 0.12))
    (fp_line (start 4.04 -3.31) (end 4.04 -1.71) (layer F.SilkS) (width 0.12))
    (fp_line (start 5.06 -3.31) (end 4.04 -3.31) (layer F.SilkS) (width 0.12))
    (fp_line (start 5.06 0.94) (end 5.06 -3.31) (layer F.SilkS) (width 0.12))
    (fp_line (start -2.76 -1.71) (end -2.76 -4.6) (layer F.SilkS) (width 0.12))
    (fp_line (start -4.04 -1.71) (end -2.76 -1.71) (layer F.SilkS) (width 0.12))
    (fp_line (start -4.04 -3.31) (end -4.04 -1.71) (layer F.SilkS) (width 0.12))
    (fp_line (start -5.06 -3.31) (end -4.04 -3.31) (layer F.SilkS) (width 0.12))
    (fp_line (start -5.06 0.94) (end -5.06 -3.31) (layer F.SilkS) (width 0.12))
    (fp_line (start 4.15 -3.2) (end 4.95 -3.2) (layer F.Fab) (width 0.1))
    (fp_line (start 4.15 -1.6) (end 4.15 -3.2) (layer F.Fab) (width 0.1))
    (fp_line (start -4.15 -1.6) (end 4.15 -1.6) (layer F.Fab) (width 0.1))
    (fp_line (start -4.15 -3.2) (end -4.15 -1.6) (layer F.Fab) (width 0.1))
    (fp_line (start -4.95 -3.2) (end -4.15 -3.2) (layer F.Fab) (width 0.1))
    (fp_text user %R (at 0 1.5) (layer F.Fab)
      (effects (font (size 1 1) (thickness 0.15)))
    )
    (pad 1 smd roundrect (at -2 -2.85) (size 1 3.5) (layers F.Cu F.Paste F.Mask) (roundrect_rratio 0.25)
      (net 8 /ACK_BUTTON))
    (pad 2 smd roundrect (at 0 -2.85) (size 1 3.5) (layers F.Cu F.Paste F.Mask) (roundrect_rratio 0.25)
      (net 9 /PWR_BUTTON))
    (pad 3 smd roundrect (at 2 -2.85) (size 1 3.5) (layers F.Cu F.Paste F.Mask) (roundrect_rratio 0.25)
      (net 3 GND))
    (pad MP smd roundrect (at -4.35 2.9) (size 1.5 3.4) (layers F.Cu F.Paste F.Mask) (roundrect_rratio 0.166667))
    (pad MP smd roundrect (at 4.35 2.9) (size 1.5 3.4) (layers F.Cu F.Paste F.Mask) (roundrect_rratio 0.166667))
    (model ${KISYS3DMOD}/Connector_JST.3dshapes/JST_PH_S3B-PH-SM4-TB_1x03-1MP_P2.00mm_Horizontal.wrl
      (at (xyz 0 0 0))
      (scale (xyz 1 1 1))
      (rotate (xyz 0 0 0))
    )
  )

  (module Resistor_SMD:R_0603_1608Metric_Pad0.98x0.95mm_HandSolder (layer F.Cu) (tedit 5F68FEEE) (tstamp 609049DB)
    (at 28.194 83.82 90)
    (descr "Resistor SMD 0603 (1608 Metric), square (rectangular) end terminal, IPC_7351 nominal with elongated pad for handsoldering. (Body size source: IPC-SM-782 page 72, https://www.pcb-3d.com/wordpress/wp-content/uploads/ipc-sm-782a_amendment_1_and_2.pdf), generated with kicad-footprint-generator")
    (tags "resistor handsolder")
    (path /609187D0)
    (attr smd)
    (fp_text reference R4 (at 0 1.524 90) (layer F.SilkS)
      (effects (font (size 1 1) (thickness 0.15)))
    )
    (fp_text value 10K (at 0 1.43 90) (layer F.Fab)
      (effects (font (size 1 1) (thickness 0.15)))
    )
    (fp_line (start 1.65 0.73) (end -1.65 0.73) (layer F.CrtYd) (width 0.05))
    (fp_line (start 1.65 -0.73) (end 1.65 0.73) (layer F.CrtYd) (width 0.05))
    (fp_line (start -1.65 -0.73) (end 1.65 -0.73) (layer F.CrtYd) (width 0.05))
    (fp_line (start -1.65 0.73) (end -1.65 -0.73) (layer F.CrtYd) (width 0.05))
    (fp_line (start -0.254724 0.5225) (end 0.254724 0.5225) (layer F.SilkS) (width 0.12))
    (fp_line (start -0.254724 -0.5225) (end 0.254724 -0.5225) (layer F.SilkS) (width 0.12))
    (fp_line (start 0.8 0.4125) (end -0.8 0.4125) (layer F.Fab) (width 0.1))
    (fp_line (start 0.8 -0.4125) (end 0.8 0.4125) (layer F.Fab) (width 0.1))
    (fp_line (start -0.8 -0.4125) (end 0.8 -0.4125) (layer F.Fab) (width 0.1))
    (fp_line (start -0.8 0.4125) (end -0.8 -0.4125) (layer F.Fab) (width 0.1))
    (fp_text user %R (at 0 0 90) (layer F.Fab)
      (effects (font (size 0.4 0.4) (thickness 0.06)))
    )
    (pad 1 smd roundrect (at -0.9125 0 90) (size 0.975 0.95) (layers F.Cu F.Paste F.Mask) (roundrect_rratio 0.25)
      (net 9 /PWR_BUTTON))
    (pad 2 smd roundrect (at 0.9125 0 90) (size 0.975 0.95) (layers F.Cu F.Paste F.Mask) (roundrect_rratio 0.25)
      (net 1 +3V3))
    (model ${KISYS3DMOD}/Resistor_SMD.3dshapes/R_0603_1608Metric.wrl
      (at (xyz 0 0 0))
      (scale (xyz 1 1 1))
      (rotate (xyz 0 0 0))
    )
  )

  (module Connector_JST:JST_PH_S4B-PH-SM4-TB_1x04-1MP_P2.00mm_Horizontal (layer F.Cu) (tedit 5B78AD87) (tstamp 6090556E)
    (at 41.402 90.932)
    (descr "JST PH series connector, S4B-PH-SM4-TB (http://www.jst-mfg.com/product/pdf/eng/ePH.pdf), generated with kicad-footprint-generator")
    (tags "connector JST PH top entry")
    (path /60921B18)
    (attr smd)
    (fp_text reference J5 (at -5.334 -4.064) (layer F.SilkS)
      (effects (font (size 1 1) (thickness 0.15)))
    )
    (fp_text value Conn_01x04 (at 0 5.8) (layer F.Fab)
      (effects (font (size 1 1) (thickness 0.15)))
    )
    (fp_line (start -3 -0.892893) (end -2.5 -1.6) (layer F.Fab) (width 0.1))
    (fp_line (start -3.5 -1.6) (end -3 -0.892893) (layer F.Fab) (width 0.1))
    (fp_line (start 6.6 -5.1) (end -6.6 -5.1) (layer F.CrtYd) (width 0.05))
    (fp_line (start 6.6 5.1) (end 6.6 -5.1) (layer F.CrtYd) (width 0.05))
    (fp_line (start -6.6 5.1) (end 6.6 5.1) (layer F.CrtYd) (width 0.05))
    (fp_line (start -6.6 -5.1) (end -6.6 5.1) (layer F.CrtYd) (width 0.05))
    (fp_line (start 5.95 -3.2) (end 5.95 4.4) (layer F.Fab) (width 0.1))
    (fp_line (start -5.95 -3.2) (end -5.95 4.4) (layer F.Fab) (width 0.1))
    (fp_line (start -5.95 4.4) (end 5.95 4.4) (layer F.Fab) (width 0.1))
    (fp_line (start -4.34 4.51) (end 4.34 4.51) (layer F.SilkS) (width 0.12))
    (fp_line (start 5.04 -1.71) (end 3.76 -1.71) (layer F.SilkS) (width 0.12))
    (fp_line (start 5.04 -3.31) (end 5.04 -1.71) (layer F.SilkS) (width 0.12))
    (fp_line (start 6.06 -3.31) (end 5.04 -3.31) (layer F.SilkS) (width 0.12))
    (fp_line (start 6.06 0.94) (end 6.06 -3.31) (layer F.SilkS) (width 0.12))
    (fp_line (start -3.76 -1.71) (end -3.76 -4.6) (layer F.SilkS) (width 0.12))
    (fp_line (start -5.04 -1.71) (end -3.76 -1.71) (layer F.SilkS) (width 0.12))
    (fp_line (start -5.04 -3.31) (end -5.04 -1.71) (layer F.SilkS) (width 0.12))
    (fp_line (start -6.06 -3.31) (end -5.04 -3.31) (layer F.SilkS) (width 0.12))
    (fp_line (start -6.06 0.94) (end -6.06 -3.31) (layer F.SilkS) (width 0.12))
    (fp_line (start 5.15 -3.2) (end 5.95 -3.2) (layer F.Fab) (width 0.1))
    (fp_line (start 5.15 -1.6) (end 5.15 -3.2) (layer F.Fab) (width 0.1))
    (fp_line (start -5.15 -1.6) (end 5.15 -1.6) (layer F.Fab) (width 0.1))
    (fp_line (start -5.15 -3.2) (end -5.15 -1.6) (layer F.Fab) (width 0.1))
    (fp_line (start -5.95 -3.2) (end -5.15 -3.2) (layer F.Fab) (width 0.1))
    (fp_text user %R (at 0 1.5) (layer F.Fab)
      (effects (font (size 1 1) (thickness 0.15)))
    )
    (pad 1 smd roundrect (at -3 -2.85) (size 1 3.5) (layers F.Cu F.Paste F.Mask) (roundrect_rratio 0.25)
      (net 10 "Net-(J5-Pad1)"))
    (pad 2 smd roundrect (at -1 -2.85) (size 1 3.5) (layers F.Cu F.Paste F.Mask) (roundrect_rratio 0.25)
      (net 2 +5V))
    (pad 3 smd roundrect (at 1 -2.85) (size 1 3.5) (layers F.Cu F.Paste F.Mask) (roundrect_rratio 0.25)
      (net 11 "Net-(J5-Pad3)"))
    (pad 4 smd roundrect (at 3 -2.85) (size 1 3.5) (layers F.Cu F.Paste F.Mask) (roundrect_rratio 0.25)
      (net 12 "Net-(J5-Pad4)"))
    (pad MP smd roundrect (at -5.35 2.9) (size 1.5 3.4) (layers F.Cu F.Paste F.Mask) (roundrect_rratio 0.166667))
    (pad MP smd roundrect (at 5.35 2.9) (size 1.5 3.4) (layers F.Cu F.Paste F.Mask) (roundrect_rratio 0.166667))
    (model ${KISYS3DMOD}/Connector_JST.3dshapes/JST_PH_S4B-PH-SM4-TB_1x04-1MP_P2.00mm_Horizontal.wrl
      (at (xyz 0 0 0))
      (scale (xyz 1 1 1))
      (rotate (xyz 0 0 0))
    )
  )

  (module Package_TO_SOT_SMD:SOT-23 (layer F.Cu) (tedit 5A02FF57) (tstamp 60905583)
    (at 43.434 80.264)
    (descr "SOT-23, Standard")
    (tags SOT-23)
    (path /60923C0B)
    (attr smd)
    (fp_text reference Q1 (at 0 -2.5) (layer F.SilkS)
      (effects (font (size 1 1) (thickness 0.15)))
    )
    (fp_text value MMBT3904 (at 0 2.5) (layer F.Fab)
      (effects (font (size 1 1) (thickness 0.15)))
    )
    (fp_line (start 0.76 1.58) (end -0.7 1.58) (layer F.SilkS) (width 0.12))
    (fp_line (start 0.76 -1.58) (end -1.4 -1.58) (layer F.SilkS) (width 0.12))
    (fp_line (start -1.7 1.75) (end -1.7 -1.75) (layer F.CrtYd) (width 0.05))
    (fp_line (start 1.7 1.75) (end -1.7 1.75) (layer F.CrtYd) (width 0.05))
    (fp_line (start 1.7 -1.75) (end 1.7 1.75) (layer F.CrtYd) (width 0.05))
    (fp_line (start -1.7 -1.75) (end 1.7 -1.75) (layer F.CrtYd) (width 0.05))
    (fp_line (start 0.76 -1.58) (end 0.76 -0.65) (layer F.SilkS) (width 0.12))
    (fp_line (start 0.76 1.58) (end 0.76 0.65) (layer F.SilkS) (width 0.12))
    (fp_line (start -0.7 1.52) (end 0.7 1.52) (layer F.Fab) (width 0.1))
    (fp_line (start 0.7 -1.52) (end 0.7 1.52) (layer F.Fab) (width 0.1))
    (fp_line (start -0.7 -0.95) (end -0.15 -1.52) (layer F.Fab) (width 0.1))
    (fp_line (start -0.15 -1.52) (end 0.7 -1.52) (layer F.Fab) (width 0.1))
    (fp_line (start -0.7 -0.95) (end -0.7 1.5) (layer F.Fab) (width 0.1))
    (fp_text user %R (at 0 0 90) (layer F.Fab)
      (effects (font (size 0.5 0.5) (thickness 0.075)))
    )
    (pad 1 smd rect (at -1 -0.95) (size 0.9 0.8) (layers F.Cu F.Paste F.Mask)
      (net 13 "Net-(Q1-Pad1)"))
    (pad 2 smd rect (at -1 0.95) (size 0.9 0.8) (layers F.Cu F.Paste F.Mask)
      (net 3 GND))
    (pad 3 smd rect (at 1 0) (size 0.9 0.8) (layers F.Cu F.Paste F.Mask)
      (net 14 "Net-(Q1-Pad3)"))
    (model ${KISYS3DMOD}/Package_TO_SOT_SMD.3dshapes/SOT-23.wrl
      (at (xyz 0 0 0))
      (scale (xyz 1 1 1))
      (rotate (xyz 0 0 0))
    )
  )

  (module Package_TO_SOT_SMD:SOT-23 (layer F.Cu) (tedit 5A02FF57) (tstamp 60905598)
    (at 39.878 80.264)
    (descr "SOT-23, Standard")
    (tags SOT-23)
    (path /60927F38)
    (attr smd)
    (fp_text reference Q2 (at 0 -2.5) (layer F.SilkS)
      (effects (font (size 1 1) (thickness 0.15)))
    )
    (fp_text value MMBT3904 (at 0 2.5) (layer F.Fab)
      (effects (font (size 1 1) (thickness 0.15)))
    )
    (fp_line (start 0.76 1.58) (end -0.7 1.58) (layer F.SilkS) (width 0.12))
    (fp_line (start 0.76 -1.58) (end -1.4 -1.58) (layer F.SilkS) (width 0.12))
    (fp_line (start -1.7 1.75) (end -1.7 -1.75) (layer F.CrtYd) (width 0.05))
    (fp_line (start 1.7 1.75) (end -1.7 1.75) (layer F.CrtYd) (width 0.05))
    (fp_line (start 1.7 -1.75) (end 1.7 1.75) (layer F.CrtYd) (width 0.05))
    (fp_line (start -1.7 -1.75) (end 1.7 -1.75) (layer F.CrtYd) (width 0.05))
    (fp_line (start 0.76 -1.58) (end 0.76 -0.65) (layer F.SilkS) (width 0.12))
    (fp_line (start 0.76 1.58) (end 0.76 0.65) (layer F.SilkS) (width 0.12))
    (fp_line (start -0.7 1.52) (end 0.7 1.52) (layer F.Fab) (width 0.1))
    (fp_line (start 0.7 -1.52) (end 0.7 1.52) (layer F.Fab) (width 0.1))
    (fp_line (start -0.7 -0.95) (end -0.15 -1.52) (layer F.Fab) (width 0.1))
    (fp_line (start -0.15 -1.52) (end 0.7 -1.52) (layer F.Fab) (width 0.1))
    (fp_line (start -0.7 -0.95) (end -0.7 1.5) (layer F.Fab) (width 0.1))
    (fp_text user %R (at 0 0 90) (layer F.Fab)
      (effects (font (size 0.5 0.5) (thickness 0.075)))
    )
    (pad 1 smd rect (at -1 -0.95) (size 0.9 0.8) (layers F.Cu F.Paste F.Mask)
      (net 15 "Net-(Q2-Pad1)"))
    (pad 2 smd rect (at -1 0.95) (size 0.9 0.8) (layers F.Cu F.Paste F.Mask)
      (net 3 GND))
    (pad 3 smd rect (at 1 0) (size 0.9 0.8) (layers F.Cu F.Paste F.Mask)
      (net 16 "Net-(Q2-Pad3)"))
    (model ${KISYS3DMOD}/Package_TO_SOT_SMD.3dshapes/SOT-23.wrl
      (at (xyz 0 0 0))
      (scale (xyz 1 1 1))
      (rotate (xyz 0 0 0))
    )
  )

  (module Package_TO_SOT_SMD:SOT-23 (layer F.Cu) (tedit 5A02FF57) (tstamp 609055AD)
    (at 36.322 80.264)
    (descr "SOT-23, Standard")
    (tags SOT-23)
    (path /6092989A)
    (attr smd)
    (fp_text reference Q3 (at 0 -2.5) (layer F.SilkS)
      (effects (font (size 1 1) (thickness 0.15)))
    )
    (fp_text value MMBT3904 (at 0 2.5) (layer F.Fab)
      (effects (font (size 1 1) (thickness 0.15)))
    )
    (fp_text user %R (at 0 0 90) (layer F.Fab)
      (effects (font (size 0.5 0.5) (thickness 0.075)))
    )
    (fp_line (start -0.7 -0.95) (end -0.7 1.5) (layer F.Fab) (width 0.1))
    (fp_line (start -0.15 -1.52) (end 0.7 -1.52) (layer F.Fab) (width 0.1))
    (fp_line (start -0.7 -0.95) (end -0.15 -1.52) (layer F.Fab) (width 0.1))
    (fp_line (start 0.7 -1.52) (end 0.7 1.52) (layer F.Fab) (width 0.1))
    (fp_line (start -0.7 1.52) (end 0.7 1.52) (layer F.Fab) (width 0.1))
    (fp_line (start 0.76 1.58) (end 0.76 0.65) (layer F.SilkS) (width 0.12))
    (fp_line (start 0.76 -1.58) (end 0.76 -0.65) (layer F.SilkS) (width 0.12))
    (fp_line (start -1.7 -1.75) (end 1.7 -1.75) (layer F.CrtYd) (width 0.05))
    (fp_line (start 1.7 -1.75) (end 1.7 1.75) (layer F.CrtYd) (width 0.05))
    (fp_line (start 1.7 1.75) (end -1.7 1.75) (layer F.CrtYd) (width 0.05))
    (fp_line (start -1.7 1.75) (end -1.7 -1.75) (layer F.CrtYd) (width 0.05))
    (fp_line (start 0.76 -1.58) (end -1.4 -1.58) (layer F.SilkS) (width 0.12))
    (fp_line (start 0.76 1.58) (end -0.7 1.58) (layer F.SilkS) (width 0.12))
    (pad 3 smd rect (at 1 0) (size 0.9 0.8) (layers F.Cu F.Paste F.Mask)
      (net 17 "Net-(Q3-Pad3)"))
    (pad 2 smd rect (at -1 0.95) (size 0.9 0.8) (layers F.Cu F.Paste F.Mask)
      (net 3 GND))
    (pad 1 smd rect (at -1 -0.95) (size 0.9 0.8) (layers F.Cu F.Paste F.Mask)
      (net 18 "Net-(Q3-Pad1)"))
    (model ${KISYS3DMOD}/Package_TO_SOT_SMD.3dshapes/SOT-23.wrl
      (at (xyz 0 0 0))
      (scale (xyz 1 1 1))
      (rotate (xyz 0 0 0))
    )
  )

  (module Resistor_SMD:R_0603_1608Metric_Pad0.98x0.95mm_HandSolder (layer F.Cu) (tedit 5F68FEEE) (tstamp 609055BE)
    (at 38.354 83.82 90)
    (descr "Resistor SMD 0603 (1608 Metric), square (rectangular) end terminal, IPC_7351 nominal with elongated pad for handsoldering. (Body size source: IPC-SM-782 page 72, https://www.pcb-3d.com/wordpress/wp-content/uploads/ipc-sm-782a_amendment_1_and_2.pdf), generated with kicad-footprint-generator")
    (tags "resistor handsolder")
    (path /609251A1)
    (attr smd)
    (fp_text reference R5 (at 0 -1.43 90) (layer F.SilkS)
      (effects (font (size 1 1) (thickness 0.15)))
    )
    (fp_text value 1K (at 0 1.43 90) (layer F.Fab)
      (effects (font (size 1 1) (thickness 0.15)))
    )
    (fp_text user %R (at 0 0 90) (layer F.Fab)
      (effects (font (size 0.4 0.4) (thickness 0.06)))
    )
    (fp_line (start -0.8 0.4125) (end -0.8 -0.4125) (layer F.Fab) (width 0.1))
    (fp_line (start -0.8 -0.4125) (end 0.8 -0.4125) (layer F.Fab) (width 0.1))
    (fp_line (start 0.8 -0.4125) (end 0.8 0.4125) (layer F.Fab) (width 0.1))
    (fp_line (start 0.8 0.4125) (end -0.8 0.4125) (layer F.Fab) (width 0.1))
    (fp_line (start -0.254724 -0.5225) (end 0.254724 -0.5225) (layer F.SilkS) (width 0.12))
    (fp_line (start -0.254724 0.5225) (end 0.254724 0.5225) (layer F.SilkS) (width 0.12))
    (fp_line (start -1.65 0.73) (end -1.65 -0.73) (layer F.CrtYd) (width 0.05))
    (fp_line (start -1.65 -0.73) (end 1.65 -0.73) (layer F.CrtYd) (width 0.05))
    (fp_line (start 1.65 -0.73) (end 1.65 0.73) (layer F.CrtYd) (width 0.05))
    (fp_line (start 1.65 0.73) (end -1.65 0.73) (layer F.CrtYd) (width 0.05))
    (pad 2 smd roundrect (at 0.9125 0 90) (size 0.975 0.95) (layers F.Cu F.Paste F.Mask) (roundrect_rratio 0.25)
      (net 17 "Net-(Q3-Pad3)"))
